1000
30000
158
1121
23520
18540
29596
452
16790
14069
7498
10274
23169
25950
20166
25796
7065
2346
11085
9217
2173
7686
2772
6412
188
819
22183
14352
22442
17418
6480
5759
865
15643
17850
9639
1782
21623
1126
1622
4926
24367
16126
7647
27329
23100
4440
909
11710
5744
10622
16408
10095
24748
21788
3462
141
1316
23897
10355
1511
208
16569
12900
6992
19572
17473
3673
25095
15827
8157
27553
1770
21263
18944
29426
2877
5028
9866
18873
27640
17286
7406
24495
7407
15703
22932
15021
11110
15582
15996
13505
18692
11701
18213
24705
28375
21057
25517
1951
12697
22247
3897
654
11058
9597
9623
4484
7549
3327
15394
19953
12879
4484
486
11759
1926
832
27397
18474
8062
25834
11098
26913
15610
6289
17499
1102
5121
11370
10820
7842
28214
22045
17522
18821
17292
3426
19724
10173
14090
9654
21481
10972
20684
12370
26798
6655
6475
14941
12343
24996
1198
15201
26937
5564
1664
18428
9253
23042
5331
23768
12879
9354
17509
21980
4175
3741
23602
26020
20391
10180
8555
8495
17319
2547
2934
29656
94
22280
1030
3976
9202
14020
19340
11561
20834
20154
2334
12638
9801
25269
28503
2417
10773
11903
5295
21645
6041
895
44
11565
20656
18370
23080
9940
13604
28013
6742
21503
24782
23602
22272
26711
5374
1538
6546
19244
20765
27714
23644
11807
24208
784
5524
1774
21472
5544
29594
13462
21272
15714
11904
1763
1903
478
4810
16908
9767
7267
10610
27821
389
25764
8496
6452
9762
26261
23800
19024
27057
2684
19395
1655
13506
843
28050
8904
1526
509
10672
15456
3988
5727
23096
14768
16172
5185
12504
25150
26746
13997
22740
2203
6028
28551
1310
23174
20007
13461
708
895
12392
2449
22234
15198
25767
28797
20826
3925
10912
13367
13177
5715
28117
16717
27228
12411
22318
274
19930
23252
8675
27378
15492
27458
14235
16386
14562
18613
22486
9435
27648
29600
20104
3497
12585
29357
2262
12415
3827
639
16422
29166
16764
20695
25250
2725
14834
1276
17086
3706
14169
25397
19499
27610
23688
15608
24362
23870
26485
25641
25077
1503
28083
15259
346
2491
16953
2810
25769
14328
26725
13756
22736
6521
14401
24149
14021
6047
6148
18858
2340
18081
28380
5833
13594
28687
13546
7895
10881
4707
17550
4425
24396
2473
20710
8280
6694
2432
9617
20910
20566
2657
5049
18278
6886
22528
12368
5427
1796
21074
18329
175
17832
638
10731
29944
2375
12854
13746
24774
18920
28312
17078
6271
5797
1711
21152
2750
2308
7568
10938
770
19670
1010
15094
20115
16559
7853
258
12251
17448
2150
2698
1154
10130
13258
21006
24874
7692
28922
17126
380
422
17669
2164
9779
8902
16844
9193
1975
9931
28482
21818
5101
14833
17858
1780
4397
6260
8870
2670
19635
13049
27413
27502
29707
29225
20764
1230
8903
23967
28416
13456
835
10756
11475
28752
19147
29304
9286
27081
18475
8500
398
23707
7750
19310
18858
26956
1003
1149
23827
8588
28197
27710
28788
10685
10194
1926
27085
5042
25911
23289
29427
22199
8706
12106
298
2258
1408
18563
1477
15689
8448
3768
28717
11364
29863
2327
6225
2164
5189
1506
2845
9236
1384
23745
26462
19887
1727
12929
23556
1091
14306
2018
18297
26980
21313
4544
24881
5251
3658
15279
8579
11120
2847
9373
23479
25630
22647
20146
15968
21415
5267
1659
11756
11919
15476
17736
11641
24141
1563
4818
18922
4103
3633
10785
15162
8350
4120
26029
12305
2538
16897
14020
613
13639
9072
11307
2131
22352
28445
19464
19582
14570
20461
17663
2727
4485
25120
15004
9325
22174
21708
12529
6567
9352
16266
23424
8416
9325
111
21339
5361
5008
13886
857
24790
20436
10971
684
23994
3458
16899
1249
22356
6727
16443
26856
10870
20860
2262
9605
12771
9642
23387
13349
50
25422
1878
2501
20240
4313
28718
5904
1482
4091
28519
5063
17643
25633
1609
6502
18563
16957
16016
20741
601
19909
869
14460
23170
9982
1677
17098
16259
11898
1505
22456
19267
8671
1278
393
8308
187
20285
277
4436
4533
21990
28486
3967
20278
16032
114
19975
25863
13868
23611
18886
7532
23379
3588
11251
2402
22045
9013
15092
18453
28484
27376
19827
27077
15336
14372
29620
22442
12676
130
19238
24390
13857
17870
12344
25113
202
12456
17005
6507
24127
9804
28339
18245
11758
22471
29681
913
11038
11148
5599
15747
22126
20758
29210
856
4990
14286
11128
11807
20204
27950
24472
29492
16514
9767
6846
25044
7597
656
15838
14062
20529
769
2807
2087
1308
6159
19363
27153
10232
5272
17899
19917
7749
369
29535
16302
22311
13182
11879
25936
859
29651
18900
1753
2415
29464
18106
1903
2611
3122
7298
18714
2411
6688
18235
26027
3782
25890
4145
23308
21268
27425
17601
11258
19891
1867
20331
25793
13898
15614
26409
23879
20154
10727
18687
23628
2386
25451
12244
2752
24387
17221
2384
3958
27475
26481
20518
6727
7381
26953
25284
2106
5848
4079
4104
2530
3999
490
18534
16713
17489
14868
17511
27148
21746
17331
24644
10886
7314
486
21939
27745
22980
1603
18433
2138
15186
15038
22113
10549
9519
25292
10372
25122
16813
14281
10601
25118
13040
9367
25719
25292
883
25737
14537
21413
24041
2431
22217
12606
919
11602
15360
25033
23200
21106
8492
15071
8913
14285
3731
5245
16830
9203
2712
3404
1532
27512
5772
25637
10896
13978
28102
2772
11944
18980
15094
22044
21897
22419
14262
28412
25289
6262
27234
26929
26302
14619
250
8956
12086
22119
12645
21029
12392
4870
248
25152
1275
1989
24856
2095
3430
4923
29308
12008
9672
19631
17815
8569
19385
7734
21044
5705
17040
18972
27778
2672
9990
24453
498
17769
20970
25172
1615
19511
21271
10828
7262
28039
6308
15733
5814
17733
5722
10690
17601
865
363
8688
22355
22978
29792
25009
14699
3499
3924
7434
20999
5662
26720
2506
6205
26031
24662
1580
11656
24762
12210
734
29280
28584
16333
4435
18701
1645
9300
2118
1420
17749
18681
21425
29395
5889
10088
14924
17538
28588
6525
16393
11930
4532
7092
25792
4515
1573
5089
5447
3113
25015
28705
7828
12630
23851
12816
23590
3526
10929
14908
