2000
30000
23692
18476
9133
17851
21203
24311
14521
10137
17013
26520
21112
4274
28776
2071
8471
11022
28387
826
11828
24935
9992
25003
21407
2781
9670
6990
3933
2491
12286
13505
22771
9626
25060
7285
23521
22516
23977
9197
15212
9404
19799
2581
17312
19804
15356
2724
11158
3871
2570
23268
19699
3232
254
27362
29873
27523
19008
9377
12578
1330
19786
6084
16689
29450
14605
25228
2284
11496
15504
6126
12095
21438
13019
19433
18690
362
17939
14870
13623
777
19942
14977
3724
136
27946
903
22056
8251
12992
8480
15267
29922
16831
863
9814
26376
17614
4632
25558
14717
12498
5922
8123
12807
6858
21948
2214
14933
9462
2357
18050
3380
18239
4326
9737
17414
419
2387
7562
22639
28944
1603
3818
28241
11683
5707
27370
1227
15345
9922
6567
5789
4022
16816
19559
8447
235
21560
7314
27251
750
3672
7167
6153
22237
23486
14961
513
15682
24285
9314
10118
27382
8769
2511
2713
17727
29727
9587
2123
10556
8241
19304
303
17027
1680
10443
26127
13576
723
4816
1966
7745
11943
9783
29166
12679
7343
26317
2403
29632
2638
773
1256
23099
2098
21480
4512
20699
22836
8315
21087
27512
525
3617
23067
18050
28028
23664
10909
23271
149
28008
2940
18743
4939
2481
19788
24583
22881
14884
19731
24979
13662
23181
19452
19623
9199
18863
28496
11455
20658
23177
1905
13677
21504
27352
9801
11515
778
17117
1763
27217
1575
8800
21559
27162
10604
7925
16524
16163
7038
14206
25593
25091
3748
16625
15404
9217
28704
4188
13199
18738
10688
1574
3960
3554
8624
24215
3745
6965
27794
27546
19415
12046
26064
7106
14582
1536
8753
29324
17940
2676
28843
21988
2301
25690
23929
21738
944
5651
27501
19445
4679
10877
598
2520
540
20384
1429
23141
24586
19066
7741
6704
28499
18662
21866
14230
16289
2755
29379
17661
15438
9809
27282
92
6919
27614
14340
29695
2430
11427
6268
5252
25439
26857
4397
42
1158
10608
29416
17227
2927
2064
20530
17958
8173
11169
6554
18402
4639
15129
21578
2768
26016
3060
7899
5617
7423
4057
830
12216
22895
17786
2248
224
8895
12476
4573
14241
27532
7704
8641
29263
9653
13632
2410
6916
1503
7942
1498
4784
2346
17018
17389
27790
26740
23891
10030
27048
13773
1633
15582
19869
14363
4704
9863
28834
28751
16958
22717
12999
17607
1120
8951
13436
26565
18258
27037
803
544
16095
18018
20999
265
27440
724
18110
20273
6968
8497
17035
12377
28239
26493
18231
22762
6428
8401
785
4087
29113
2294
10275
3231
1810
5683
19159
11911
18318
5474
29082
6792
1474
19529
13296
4004
4994
5672
10728
2111
6761
11919
23457
1627
15194
7794
18957
21317
13176
2639
29941
27039
10099
2479
573
9085
9460
7964
27242
1459
21308
18962
20065
3502
5896
24936
23153
1155
11703
18193
23188
26118
942
29934
25586
10828
18940
19430
14247
8850
3898
22841
17094
2351
24501
1553
24478
19911
12496
25947
15420
29122
7075
5076
2609
2300
10984
24167
23445
12990
16408
8886
20811
7918
21457
7671
2391
29570
5499
7681
9614
9786
11819
18598
12733
7823
10951
27972
4813
13287
20844
5271
23893
23562
26124
17105
21648
7641
8796
8173
16737
7230
25837
1296
14996
19807
23448
22353
16999
12823
11552
1770
23881
8614
26131
27759
1505
2167
11505
29295
8786
25155
400
23673
24254
9893
3007
27441
4361
16813
15658
1698
2527
26345
19070
25302
456
28609
16333
21156
15002
25841
13363
15562
23648
15421
24762
26428
523
7775
7803
3259
18614
18757
4102
28840
17790
25209
1236
25883
22305
19937
3867
512
10006
23720
13074
13729
6910
26748
1030
17818
26153
12026
25084
14792
21596
358
7143
24500
12753
7328
19372
543
29824
15699
8085
2253
2717
17520
12835
19639
29282
2731
2759
23100
2526
27492
29938
4041
28462
2248
21660
27097
14363
22296
450
15373
10948
24715
26980
127
21933
14416
5326
12628
18488
423
9988
24720
6948
9585
18787
558
25171
980
19334
7281
27600
9475
1335
21109
28688
23197
29382
2009
6008
18485
29391
17857
1008
11539
28407
790
423
21849
28199
2241
6759
4664
28956
14232
22554
611
26894
10664
23164
16068
399
11892
15203
16239
16823
8909
20013
3284
18558
16595
24393
4408
10345
7434
3321
7782
9833
1153
7509
1649
24576
25679
100
4062
7333
20878
5767
1792
20074
11084
16998
14980
1500
1264
12239
5262
23850
27130
28172
1795
7818
1455
24213
25865
10713
19475
26581
20460
23937
15207
17713
22290
1696
12181
6215
21553
7271
233
8051
22463
19136
13123
13720
14762
4147
6283
2541
8778
29450
21796
26677
8084
4531
29908
22628
6800
4711
8450
16191
16653
13833
737
24179
14227
4689
28396
29960
10137
14121
28898
12263
2248
17239
12725
922
28064
11357
26093
21332
2697
15773
21874
2353
4333
4801
1834
958
11445
4442
11776
1932
21809
9671
28246
19745
4363
18265
76
12896
13950
1973
4497
954
1683
12665
23241
12277
27596
14882
28095
19068
4917
2861
8205
20871
1096
26236
25371
2988
14944
27132
18740
15830
21440
341
24799
26949
1588
2257
23148
10966
4424
1953
11213
8069
520
8812
9895
29232
11672
27977
13481
366
9781
15872
11805
143
23451
9644
2444
3893
1657
29587
3271
21524
26658
17929
5715
2486
12933
8849
949
27891
11359
22854
5950
15551
26031
14201
20856
13779
4203
19868
17234
24000
20849
19550
15561
24162
7616
15640
10472
8546
696
6504
22240
17662
8639
1563
22875
19981
5718
13649
28686
15165
24619
13275
12173
23968
8096
9704
23396
6759
21932
14049
9827
1213
18129
16529
19769
10231
2638
28041
16197
18746
6549
23235
18856
18973
29695
1877
879
2753
10943
19080
8976
3134
26901
554
21602
816
19652
14081
2194
29555
8901
22753
28291
14634
23613
14560
9366
8966
20397
19399
9083
453
6760
19179
19271
20728
13899
17166
18118
23818
6056
2688
14610
2686
26499
25225
26980
8824
11777
18444
24875
18559
285
14180
12379
2129
2973
26514
19464
21527
68
16538
15155
14859
19786
4394
1508
1512
9225
18301
6777
24816
10489
12671
7485
5252
24542
2098
22076
9343
10304
19024
12630
21779
24092
10802
1171
7417
29401
4848
4278
29619
4733
2250
28693
21781
10529
26822
26535
7683
23715
19355
20063
9852
20122
4046
2440
15576
14991
20251
1682
26189
17514
17174
2364
2232
2858
23826
2002
24986
21465
5442
969
28257
24767
13598
12232
10730
18647
8456
8889
17219
25471
25904
16673
12725
7283
2485
20652
18946
17404
29197
27149
14571
12133
19366
15620
1781
15791
20429
23232
2413
5254
23760
1336
25770
10611
10847
27637
914
27474
7480
11586
10336
8199
2260
21862
1396
19053
6011
19009
13962
11407
2719
29781
24928
14875
4424
25815
10067
3859
22059
8710
18041
16070
27617
3516
11029
3839
8533
6723
8470
29564
21662
16745
16096
23969
21470
29143
27983
13422
17770
26270
12537
2223
23339
7443
6324
22898
21828
23773
41
1934
6132
1612
16071
130
22718
6893
18986
6092
9928
13403
13693
26683
21122
23895
11341
19383
855
283
27072
23135
13256
25836
7127
20675
15079
24559
3056
9812
27873
17725
12431
26649
4336
13369
3165
11171
19888
17186
2369
11842
7040
14308
26575
29817
13867
17204
18990
2176
20936
29147
17407
24617
5854
18514
3498
24885
10700
15504
23579
23976
16744
544
19581
5770
4327
23670
15685
13839
2301
27523
14451
8393
13380
9863
21268
26397
13026
1015
9740
27380
6503
14015
17426
3506
14068
22521
20732
1340
1698
13983
7741
24662
20513
15277
28844
12666
15264
13227
21383
14768
23789
15673
7351
8650
1198
1516
1621
13071
4079
18776
366
28395
23852
18030
9731
20196
28754
7945
25684
16592
1073
21955
23391
13125
10836
24077
883
18002
2276
29311
17705
29804
12234
9580
965
18347
18708
24506
1178
28471
10394
16880
20956
18685
2481
7057
6618
13222
13119
27817
1291
15561
10560
9637
4231
2607
25
6503
29674
18040
17531
21914
1797
18477
1706
21827
1270
3286
21167
16793
17641
22141
27691
13591
16606
7314
13388
13519
17309
28639
1029
21505
1032
23231
20633
13804
11968
4491
27208
25060
9738
1878
3629
7589
22194
15066
20327
16871
16481
20401
7031
15667
12876
18377
24041
14580
11261
28946
1847
5329
15190
23417
1466
11322
1699
27418
10498
6721
6927
23217
22168
28588
1674
16978
22978
3912
9897
299
19639
9344
19198
21158
1795
26669
11210
17923
5405
10160
9408
12773
21864
16959
3340
29275
17463
4220
20628
8770
13636
27212
11902
28602
7042
16102
16626
5334
28417
29482
12833
18584
10770
1285
17030
15388
8621
23602
1131
739
15631
8050
28848
11891
20647
18368
14536
21613
8243
24558
1236
6304
19495
16820
13844
2444
11854
4027
13515
73
27059
5620
13090
9080
12738
1070
896
5755
3243
14056
824
10465
5383
611
2387
6692
2446
13308
12945
17815
25384
15801
11946
19098
6258
16418
29401
1296
6212
26194
107
27155
14752
18509
22453
7398
16910
18324
7796
20522
4598
6647
25400
18261
28749
379
7220
3169
14707
6556
25199
11713
44
4356
22798
6297
6383
2365
6614
25390
379
2772
19181
7068
8848
24286
16864
28359
19773
3471
22506
15251
23126
11016
21364
26200
13864
26225
2776
144
11920
3912
9322
6355
21272
1272
6073
18182
8292
17582
21522
18639
1437
2408
12358
16971
15435
12879
1965
468
22936
25414
10347
3869
25234
5059
450
15568
25058
2733
27337
22043
24539
12199
18571
14005
3236
2237
15666
2327
21914
7708
16021
2473
27120
12855
21808
28554
29336
8007
13092
14213
359
6626
15486
25904
1604
463
25788
9639
705
13593
1422
20584
8989
6498
4825
23376
17992
20346
20481
19142
13145
17712
27240
29238
7517
6504
7474
6337
1345
1646
16972
22066
29426
18058
29868
15412
18882
9941
10202
8131
15374
15434
22703
5857
8733
28448
15196
2394
14412
20568
2735
7401
2152
28050
23698
13260
604
5924
8149
5974
2060
19565
10029
7411
28800
16999
25980
353
17989
14460
16210
19982
17680
3995
5556
13548
23205
22410
28189
15436
12023
18046
23491
18714
609
20201
3611
853
6708
18323
10399
10418
25282
23020
18383
1153
20570
10913
22390
23216
15813
28781
7726
574
26897
27954
8742
6643
7803
2072
19235
21631
2707
12564
26053
1984
618
9437
27660
6471
1279
2780
14106
28221
20779
7058
2315
2338
1945
24671
18210
4855
20746
3151
11126
1741
1879
22327
6029
6493
4968
3841
26231
11017
16230
21316
2574
18
21324
12056
22380
4860
19347
1320
2462
27999
25358
520
6264
24768
29715
2249
25865
11727
29915
19915
16944
2834
4907
5075
17263
27282
13108
16221
18463
18388
21945
13364
12981
4618
10607
12607
9539
1675
19369
7838
26434
3969
1796
502
22670
1457
18560
3336
5554
7585
29185
1369
12646
14117
5077
11565
10070
10490
19367
17670
27685
22214
27091
7948
16050
17023
27851
29437
7834
14556
19385
871
3070
8713
21606
5122
29830
19103
8282
6724
29093
14547
25925
23600
15391
25070
9373
29039
921
21501
2393
23201
17040
10185
11262
8949
5565
20233
25639
16375
120
4823
12555
9130
15498
22113
570
13527
5735
29153
13799
8612
17771
14799
16237
16488
6500
1620
29899
29374
8529
20227
16801
16089
12137
11972
24704
4887
24159
25616
10829
26584
1717
8548
29926
13200
1855
16879
17672
25883
23609
13966
22385
22609
4491
16123
17729
939
29756
17218
18342
1861
15989
24948
24248
13395
2743
926
24482
1689
29471
4604
11779
15942
13801
5483
9364
11073
820
24093
28938
10615
22532
656
26430
14195
2701
19137
3979
23343
27567
23453
29815
18729
8637
14008
29590
442
8322
25153
5548
22691
25222
19766
12818
6889
18317
17364
24923
18148
15457
2130
822
2706
4049
25550
23446
1793
6394
17288
2833
16652
4805
13902
26246
5781
20657
24119
29187
29108
12499
10900
742
10335
28443
28196
19778
22891
15832
9607
24708
1697
18302
501
22358
5397
2167
3120
16067
10163
22873
29623
876
2075
28807
24125
7451
4527
1242
19289
8135
21225
28593
24703
15255
22771
3942
12591
27226
22897
6611
22380
27478
11937
740
28784
7472
22951
3983
20894
12044
2546
7218
2488
27892
4611
2764
594
11134
8351
11199
21895
5801
723
1316
11242
26633
4487
28143
14015
18468
2422
20612
6764
24347
18188
21930
23850
22669
27889
10128
11776
24248
2982
26126
6130
