2000
30000
25554
17452
863
4148
2270
1555
19146
12758
24204
28297
2341
29381
2255
26293
9556
566
11987
14675
6762
1885
28766
1778
27410
3405
10293
19039
25646
19215
6642
353
29373
1714
3125
19878
4354
21266
16105
8702
3811
10236
5833
20423
14735
3872
8738
2216
9827
2424
23258
10371
9487
15881
18865
23460
7412
29111
28359
15
22993
12637
4959
2585
2975
25117
26850
9093
2185
11253
6439
7826
18752
29331
11249
2947
1726
20587
26041
8575
17161
18438
942
6794
15211
8093
971
2996
9471
6886
4424
3472
862
1838
7299
18664
21115
19880
2016
15279
1996
5
2078
18999
11947
4932
14605
28837
9211
15564
22093
10401
13582
9656
29016
22354
9670
26738
18626
22409
25083
3203
9408
29756
24093
29865
23784
26423
27419
29482
27447
12302
387
825
12376
22358
18410
4023
19747
29204
22670
7787
13669
1094
2618
6453
24543
19137
16490
9135
14225
25483
1712
20021
12856
11818
1574
26103
12309
29292
19781
2892
2288
16009
20773
586
27229
23637
29126
29075
27454
9914
2703
881
857
21350
9301
7462
2587
1217
1646
8317
701
14370
6630
27557
14006
25666
81
2879
9618
23537
17602
21174
19218
18695
28924
20175
17075
21406
23815
18049
2659
18814
2262
15878
18753
23001
14630
12338
29605
14649
23465
29188
28768
16822
308
29819
9029
25452
9813
22698
232
1020
29018
2575
4005
21874
28494
21281
1204
7063
3701
8232
5532
14664
490
25681
1302
5175
21110
21762
21748
16400
932
28523
15217
20655
19187
1838
23786
7312
15020
1632
14750
903
18132
208
10418
3505
28260
18535
1144
378
24279
5169
27632
976
25044
20603
15759
28136
19981
4669
12096
5424
2615
13275
10153
6517
6747
6902
15535
9366
7836
4232
1548
6248
3322
24368
23615
16300
9350
11210
2805
2878
1479
15427
24680
12175
29772
8363
14389
13908
23987
29324
657
22656
12202
7803
14222
13424
15204
27628
3995
13414
18286
14155
9546
14649
24466
4680
25687
23883
23548
15986
27109
25530
25499
13831
14858
10203
28106
14090
28302
8420
1840
1175
17136
19944
24036
21108
8618
7689
22741
3816
5814
10473
15978
2464
19281
19297
11877
24559
28415
1862
29453
1414
12751
28296
28044
8996
13280
20685
8598
14784
3620
17662
9291
23301
22628
23888
29279
14061
20613
13990
29048
10129
1801
773
8407
12096
13529
6216
15675
7374
7745
22293
23554
18990
10044
2271
16786
10563
1986
15693
455
4852
847
7692
25293
3199
7926
4768
26977
479
25253
17073
22547
23952
2459
26531
8191
21698
23912
19798
9180
8588
2084
19216
7459
6548
17075
18615
23668
29196
14406
9284
26935
28879
17189
2932
17535
13228
26285
7616
21299
513
10900
27280
13167
23692
15221
8108
296
16255
29832
1731
19983
19154
14000
23119
20664
17629
12476
26856
3836
11046
1974
24728
1948
17784
14240
20640
7974
28469
29585
21145
21533
2796
11994
15021
2340
21550
11677
6150
7579
926
24000
6535
1645
1048
10222
10938
9481
24884
20959
23818
2240
1594
21978
28979
63
18199
21368
5366
7309
25025
2170
10513
9318
2296
10749
9070
1930
750
25885
24987
25248
1048
12440
2634
16463
4501
19941
1594
23646
18367
15013
1925
8729
14575
16936
971
27127
28630
18483
25568
14971
12793
12545
15633
4184
14156
2695
1037
29144
3
23293
12625
20862
15525
14489
27444
1003
1842
3742
23221
19710
5542
13205
11970
18495
1982
13530
16090
12414
2219
1579
11460
19127
2692
11677
20098
777
5393
29440
29825
13319
10118
1811
24594
2639
11740
26
2286
569
9814
17439
14868
24882
11282
14648
2039
4394
4063
5368
11703
10314
29518
1655
17164
29450
6668
1926
16714
20562
25966
14830
12705
6367
11854
10745
27333
5609
28950
6708
15774
19203
26
15474
23104
5954
12331
1764
285
29089
13160
15752
21625
17572
5720
14096
24095
11580
4918
18117
7507
8427
12172
27099
12551
16168
22532
14630
29266
20997
28282
3805
4893
16911
2341
14751
5408
374
2840
24755
11533
12910
11572
2148
26122
3284
28961
3757
6501
18197
11436
26465
3715
1612
16019
16718
22298
6570
27727
29395
15264
1307
21041
28367
19460
7974
6576
29100
26779
17941
27138
2669
22365
28759
18153
6179
14673
7202
20944
17110
29766
25181
8470
22882
25796
12476
8618
13008
27714
28461
14040
5127
12185
5235
3170
2450
6585
28176
20179
3747
363
8041
15888
9560
14967
7205
20016
17470
18742
8662
19085
15636
21034
29915
12059
209
5117
25733
11257
25832
7399
23160
1862
19914
23332
1060
20790
25260
4518
3733
7781
11915
1287
23480
15467
21102
29889
1392
5296
11500
13473
24887
12674
6893
1353
18520
6500
13749
13334
1213
29865
12830
1089
19028
12610
17700
28457
16648
6357
12711
11569
13437
3343
25453
2198
23883
24122
15207
2213
9359
28690
28981
15994
12686
8404
11755
6299
1388
9881
17430
246
23869
22242
10490
281
393
3188
4894
16529
3285
8038
25099
18884
26511
9080
13136
28354
6762
24742
18633
23689
1723
14845
9249
19881
2291
382
1638
15353
2111
8545
27644
23175
3772
29131
3077
27605
5855
29827
17599
18498
4612
25873
4958
10438
916
28232
6204
2530
7517
17623
5918
15063
25069
20506
19641
27927
17982
21814
15733
22521
5785
22628
24944
17584
8884
10381
20934
5758
29982
18712
23312
8997
6620
11776
6442
28575
14421
2297
58
9486
1131
20468
445
20982
19179
5137
26116
19370
7463
8852
24848
17412
24545
7755
19577
26457
16747
8783
9413
5804
23309
28122
19223
4642
423
600
1478
10166
2455
26561
19792
14894
477
2853
27839
13390
10877
27529
24330
15435
10789
2289
2031
15235
18192
18878
18720
3690
10026
19002
25483
28872
23413
19058
2222
1266
15019
11844
29771
15989
20261
17336
21897
26411
23547
17300
12571
22599
15725
16426
6868
13795
10370
325
1947
24028
3566
13668
26476
10700
9273
20342
8351
3384
23838
19079
20589
25611
18994
16874
29872
1347
13510
11959
25322
28139
27917
2662
12425
6217
5250
2669
28777
21336
26500
7495
27035
11897
19011
16358
11109
19813
7392
9514
8841
14438
6864
24002
5066
1943
18818
4466
8109
12680
14913
18790
13181
13399
9051
13510
2961
12988
5251
7050
10962
21396
19060
29584
27511
5312
26071
19435
3347
12574
2407
639
25554
8888
9043
667
3327
5436
26083
13573
19658
23725
13151
14444
1049
17495
301
23514
5820
18952
265
2456
2325
6525
18586
13175
2440
23579
7794
16412
847
12512
229
25244
4865
24728
22894
4169
29972
8788
24735
2251
1936
1048
18408
9330
23126
19412
7370
23754
23185
25749
18028
17264
15932
11261
27965
23333
18661
13297
1499
1825
19888
19601
820
1193
4766
27245
29675
8932
991
15605
3837
11499
3974
2354
29604
14879
28845
7348
8315
22719
5017
27852
26083
18106
29006
13819
22438
11457
9094
12201
475
4001
24750
10266
25866
27600
1026
7327
2144
12101
14842
8713
23108
1421
22581
12643
1626
10780
19029
11489
19080
13537
12890
12563
2408
5405
15700
1630
15134
11892
7203
18093
19514
19525
1106
2916
25568
24375
4420
14230
21798
14612
19676
12919
16317
15067
2339
9748
9172
10512
26966
5697
27961
6743
23390
25555
14785
13377
12629
4112
24299
10854
29765
21604
29376
13236
21555
25174
23549
27142
22876
24505
11636
18424
15038
29479
20656
14586
2218
29867
17368
28580
17337
5822
28373
282
26413
7029
21431
11727
20569
27128
7765
11966
8563
6198
22324
16534
8393
15575
15787
23398
1026
7538
3396
26522
167
3329
12900
12309
17890
3730
12847
14976
17285
4159
18854
1201
25165
21087
2066
3951
4457
20222
26790
3493
19766
13707
12128
29077
845
20177
3376
18047
655
23849
20316
10146
3999
19693
7715
5202
9409
18735
3745
19019
18114
2219
3058
6725
3400
26363
23450
27336
24459
7690
16676
23874
21781
13259
1290
18775
5062
28715
25301
632
20250
28484
8837
7095
19631
9171
24883
7641
4609
24044
19701
25517
8056
10732
22530
4253
23718
7088
10007
21891
6601
23044
16153
654
19096
2350
13819
20100
24124
7373
27362
10873
22684
2092
2439
23425
4317
9883
23773
18643
14633
27184
13557
20304
5040
16873
25630
23058
957
5861
5968
26951
4907
10708
3531
1552
29511
25773
29691
3013
25271
29855
26015
7596
5835
16457
23338
682
10547
3629
1641
21864
1170
28514
25191
23001
23922
17034
1374
14284
16039
25348
11534
17341
4792
22627
27779
18929
18603
6686
17618
4034
5440
15240
10067
2567
16434
5123
16950
12503
22201
14193
26399
18367
26451
21228
17684
21491
10948
16823
1129
12018
15963
28276
15641
1677
21368
21655
11912
2552
795
13850
583
27938
24030
22899
6216
13890
16214
25539
15730
2482
20086
9040
7239
26625
18788
24117
8388
4676
7600
1064
21384
2220
15506
2973
28729
22366
1139
12633
15140
9598
25519
13322
23075
14989
6298
23109
13508
28150
12993
29679
8103
13539
14706
384
22312
16981
7038
16037
3390
28020
19517
18261
3747
21028
12755
28903
17206
24536
18610
9618
3485
19115
8288
29524
20014
4781
5499
28135
3344
5498
27898
27889
3997
24082
13493
1355
23819
9956
3368
1444
284
16940
16499
11670
17714
23679
19110
14522
1751
19876
14140
3112
13628
27558
693
14178
13360
5159
6281
26689
17780
24567
29833
23343
2076
13542
20808
7063
1848
10710
490
10394
7092
28948
811
20996
9597
15592
26515
24958
24549
21098
23321
25605
21833
16024
26566
10138
13809
24998
22988
16699
5687
17557
1015
12051
22508
27911
5170
27374
17143
9042
4428
239
4415
24275
26108
2389
29132
19589
7459
19867
18217
9169
13138
20495
9484
15784
8588
20326
20792
8656
1357
5310
19363
2379
2506
15619
8660
15902
331
7526
4496
12160
1751
19467
16053
29714
28511
8450
102
10366
13277
17273
2408
1618
13038
5936
28620
9983
2750
7725
22479
2589
15123
8880
17918
3282
10381
15721
23710
25555
25900
3049
2122
11913
25106
11095
24542
7544
28298
19300
15252
12796
10314
28032
18285
5925
16629
9295
5331
1940
15588
26454
28540
10438
3878
20219
1121
12993
14021
19628
21264
7629
16715
13150
20591
17557
22149
9273
1154
19374
12679
13201
8606
3623
10992
23065
207
14433
14448
1619
1895
1312
1415
25163
4616
20707
2447
8581
28324
577
16124
27444
9203
12213
24547
13484
10053
22987
19385
8218
4200
29531
1326
13171
17612
9766
8281
1658
24037
9438
26726
28710
20177
19003
26158
10867
3387
11851
9813
17976
16767
9738
2697
2105
16910
24882
2553
21693
24085
6740
23861
27747
15193
3368
2533
18673
19301
10018
8461
10397
7144
9797
5087
14511
1625
6716
5217
16182
732
1655
21888
3322
8809
19891
27525
19379
29739
2237
1895
1864
23078
296
23169
14970
4381
5564
27062
5618
28595
578
1122
7000
8400
2622
29155
23254
23878
1868
1144
1020
26805
622
1513
27061
21932
16788
10471
634
21776
21901
26820
14533
5314
8702
18214
8137
29052
3521
22600
24672
2764
27823
10866
29253
12645
8816
11643
83
5858
26514
13196
16429
2188
25817
28454
29776
13198
6358
4711
12838
21382
15291
29577
14988
6959
5486
23211
5558
4158
1196
23764
4642
24201
24464
26677
12234
26222
17540
26030
19358
2675
21815
5012
7985
42
2559
2178
26803
10328
11937
13965
20255
12885
2079
13805
22197
3766
3281
152
1147
29994
25271
2097
14624
418
6158
7009
14929
11445
18977
11653
17423
9026
11874
8009
12401
16727
12729
26306
9926
13393
8732
22498
12749
2117
5728
15608
1577
9375
2127
22646
3343
1753
21754
13303
1858
29583
5969
24704
23617
17664
4336
3078
27070
24727
5436
4145
26451
4570
10927
24160
12913
27587
22128
27885
5785
16414
17959
2482
26062
9778
19471
13772
26
21667
24909
28318
21104
21143
8832
2073
17410
17432
1385
1803
27540
21946
28653
21462
6976
2941
18312
3219
13212
452
29380
8246
7657
6311
1515
4388
13965
28855
24634
8226
15300
704
7254
3935
5266
20739
17091
5813
1020
4805
27843
27948
7287
10738
26780
3008
1953
7174
24301
3428
255
4653
25153
20550
19494
9385
7397
15445
23887
69
4343
21249
19940
24104
7872
27713
27536
13595
17732
17627
4759
28110
20758
16864
29520
6280
28017
3445
19420
1342
19333
28889
27154
3510
21519
4004
2489
19181
5932
26701
25338
14773
28271
15855
2020
4770
1329
20301
6482
22823
15144
2531
19003
26109
5436
20831
2824
28868
12437
25215
27483
23789
27641
